Subject	Group	Condition	File	Train	BeatNb	BeatInstant	TapInstant
13	1	1	19	1	1	4.2015	5.1728
13	1	1	19	1	2	4.8445	5.61365
13	1	1	19	1	3	5.3132	6.1617
13	1	1	19	1	4	6.2015	6.66675
13	1	1	19	1	5	6.75515	7.45955
13	1	1	19	1	6	7.39365	7.7934
13	1	1	19	1	7	8.37665	8.1404
13	1	1	19	1	8	8.8994	8.92
13	1	1	19	1	9	9.22555	9.40435
13	1	1	19	1	10	10.33815	9.97275
13	1	1	19	1	11	10.7492	10.5055
13	1	1	19	1	12	11.92435	10.99735
13	1	1	19	1	13	12.2248	11.33355
13	1	1	19	1	14	12.68135	11.87435
13	1	1	19	1	15	13.852	12.177
13	1	1	19	1	16	14.549	12.66685
13	1	1	19	1	17	15.59455	13.00165
13	1	1	19	1	18	17.1271	14.0103
13	1	1	19	1	19	17.5203	14.3406
13	1	1	19	1	20	18.8295	14.7008
13	1	1	19	1	21	19.85715	15.00245
13	1	1	19	1	22	21.2378	15.7492
13	1	1	19	1	23	21.7338	16.2584
13	1	1	19	1	24	22.7123	17.33735
13	1	1	19	1	25	23.4138	17.6376
13	1	1	19	1	26	25.067	17.95215
13	1	1	19	1	27	25.83105	18.3796
13	1	1	19	1	28	26.4834	18.7149
13	1	1	19	1	29	27.92215	19.0569
13	1	1	19	1	30	29.3743	19.56005
13	1	1	19	1	31	30.1964	19.8647
13	1	1	19	1	32	30.9962	20.17315
13	1	1	19	1	33	32.12665	20.61155
13	1	1	23	1	1	4.2772	5.21405
13	1	1	23	1	2	4.9202	5.6892
13	1	1	23	1	3	5.3889	6.283
13	1	1	23	1	4	6.2772	6.81085
13	1	1	23	1	5	6.83085	7.16205
13	1	1	23	1	6	7.46935	7.4631
13	1	1	23	1	7	8.45235	7.8558
13	1	1	23	1	8	8.9751	8.2954
13	1	1	23	1	9	9.30125	8.86845
13	1	1	23	1	10	10.41385	9.3671
13	1	1	23	1	11	10.8249	9.9137
13	1	1	23	1	12	12.00005	10.49305
13	1	1	23	1	13	12.30045	11.0818
13	1	1	23	1	14	12.75705	11.4364
13	1	1	23	1	15	13.9277	12.1596
13	1	1	23	1	16	14.6247	12.68215
13	1	1	23	1	17	15.67025	12.98335
13	1	1	23	1	18	17.2028	14.1326
13	1	1	23	1	19	17.596	14.49585
13	1	1	23	1	20	18.9052	14.8637
13	1	1	23	1	21	19.93285	15.21645
13	1	1	23	1	22	21.3135	15.9335
13	1	1	23	1	23	21.80945	16.7714
13	1	1	23	1	24	22.788	17.31535
13	1	1	23	1	25	23.4895	17.69405
13	1	1	23	1	26	25.1427	17.99435
13	1	1	23	1	27	25.90675	18.2944
13	1	1	23	1	28	26.5591	18.5944
13	1	1	23	1	29	27.99785	19.17495
13	1	1	23	1	30	29.45	19.4753
13	1	1	23	1	31	30.2721	20.11825
13	1	1	23	1	32	31.0719	20.41835
13	1	1	23	1	33	32.20235	20.9599
13	1	1	24	1	1	4.24535	5.54195
13	1	1	24	1	2	4.8883	6.2428
13	1	1	24	1	3	5.35705	6.57135
13	1	1	24	1	4	5.9464	7.04655
13	1	1	24	1	5	6.2471	7.3939
13	1	1	24	1	6	6.79895	7.7
13	1	1	24	1	7	7.43745	8.01705
13	1	1	24	1	8	8.42045	8.31735
13	1	1	24	1	9	8.94325	8.6949
13	1	1	24	1	10	9.2694	9.1647
13	1	1	24	1	11	10.38195	9.54665
13	1	1	24	1	12	10.79305	9.8488
13	1	1	24	1	13	12.2541	10.55765
13	1	1	24	1	14	12.7252	10.8648
13	1	1	24	1	15	13.8958	11.2293
13	1	1	24	1	16	14.59285	11.6701
13	1	1	24	1	17	15.6384	12.13465
13	1	1	24	1	18	17.17095	12.71355
13	1	1	24	1	19	17.56415	13.01365
13	1	1	24	1	20	18.8733	13.5449
13	1	1	24	1	21	19.901	14.04535
13	1	1	24	1	22	21.28165	14.43805
13	1	1	24	1	23	21.7776	14.88275
13	1	1	24	1	24	22.75615	15.47925
13	1	1	24	1	25	23.45765	15.8537
13	1	1	24	1	26	25.11085	16.1889
13	1	1	24	1	27	25.8749	16.4896
13	1	1	24	1	28	26.52725	17.3898
13	1	1	24	1	29	27.966	17.9523
13	1	1	24	1	30	29.4181	18.25325
13	1	1	24	1	31	30.24025	18.56285
13	1	1	24	1	32	31.04005	18.8841
13	1	1	24	1	33	32.1705	19.18815
13	1	2	9	1	1	16.4978	16.4704
13	1	2	9	1	2	16.9978	16.9535
13	1	2	9	1	3	17.4978	17.3983
13	1	2	9	1	4	17.9978	17.90305
13	1	2	9	1	5	18.4978	18.44405
13	1	2	9	1	6	18.9978	18.9803
13	1	2	9	1	7	19.4978	19.4338
13	1	2	9	1	8	19.9988	19.92075
13	1	2	9	2	1	20.4978	20.17525
13	1	2	9	2	2	20.9978	20.5312
13	1	2	9	2	3	21.4978	20.9786
13	1	2	9	2	4	21.9978	21.41415
13	1	2	9	2	5	22.4978	21.9105
13	1	2	9	2	6	22.9978	22.4851
13	1	2	9	2	7	23.4978	22.95425
13	1	2	9	2	8	23.9988	23.39835
13	1	2	9	3	1	24.49875	24.45515
13	1	2	9	3	2	24.99875	24.9109
13	1	2	9	3	3	25.49875	25.42245
13	1	2	9	3	4	25.99875	25.93165
13	1	2	9	3	5	26.49875	26.42965
13	1	2	9	3	6	26.99875	26.889
13	1	2	9	3	7	27.49875	27.4171
13	1	2	9	3	8	27.9988	27.91425
13	1	2	9	4	1	28.49875	28.20345
13	1	2	9	4	2	28.99875	28.5325
13	1	2	9	4	3	29.49875	28.9898
13	1	2	9	4	4	29.99875	29.47685
13	1	2	11	1	1	2.4769	0.01265
13	1	2	11	1	2	3.06215	0.31725
13	1	2	11	1	3	3.37165	0.671
13	1	2	11	1	4	5.05285	0.9726
13	1	2	11	1	5	5.55285	1.2846
13	1	2	11	1	6	6.05285	1.7551
13	1	2	11	1	7	6.55285	2.0601
13	1	2	11	1	8	7.05285	2.5869
13	1	2	11	1	9	7.55285	2.98255
13	1	2	11	1	10	8.05285	3.2861
13	1	2	11	1	11	8.5529	3.60105
13	1	2	11	1	12	9.0529	3.9423
13	1	2	11	1	13	9.5529	4.4532
13	1	2	11	1	14	10.05195	4.7533
13	1	2	11	1	15	10.55195	5.05535
13	1	2	11	1	16	11.05195	5.38395
13	1	2	11	1	17	11.55195	5.7599
13	1	2	11	1	18	12.05195	6.1253
13	1	2	11	1	19	12.55345	6.4384
13	1	2	11	2	1	13.05195	13.03055
13	1	2	11	2	2	13.55195	13.47675
13	1	2	11	2	3	14.05195	14.0188
13	1	2	11	2	4	14.55195	14.52975
13	1	2	11	2	5	15.05195	15.0411
13	1	2	11	2	6	15.55195	15.53085
13	1	2	11	2	7	16.05195	16.0035
13	1	2	11	2	8	16.55345	16.5053
13	1	2	11	3	1	17.05195	16.76875
13	1	2	11	3	2	17.55195	17.0957
13	1	2	11	3	3	18.05195	17.53435
13	1	2	11	3	4	18.55195	18.0145
13	1	2	11	3	5	19.05195	18.5259
13	1	2	11	3	6	19.55195	19.0144
13	1	2	11	3	7	20.05195	19.5395
13	1	2	11	3	8	20.55345	19.99135
13	1	2	11	4	1	21.05195	20.7496
13	1	2	11	4	2	21.55195	21.0863
13	1	2	11	4	3	22.0529	21.54565
13	1	2	11	4	4	22.5529	22.0013
13	1	2	11	4	5	23.0529	22.5072
13	1	2	11	4	6	23.5529	23.00495
13	1	2	11	4	7	24.0529	23.47565
13	1	2	11	4	8	24.55295	23.94545
13	1	2	11	5	1	25.0529	24.7276
13	1	2	11	5	2	25.5529	25.07335
13	1	2	11	5	3	26.0529	25.51385
13	1	2	11	5	4	26.55295	25.9722
13	1	2	11	5	5	27.0529	26.44515
13	1	2	11	5	6	27.552	27.0463
13	1	2	11	5	7	28.052	27.51255
14	2	1	17	1	1	5.2884	4.68045
14	2	1	17	1	2	5.9314	4.99195
14	2	1	17	1	3	6.4001	5.296
14	2	1	17	1	4	6.8801	5.59625
14	2	1	17	1	5	7.2884	5.9121
14	2	1	17	1	6	7.84205	6.216
14	2	1	17	1	7	8.48055	6.5246
14	2	1	17	1	8	9.14475	6.8383
14	2	1	17	1	9	9.46355	7.1484
14	2	1	17	1	10	9.9863	7.46325
14	2	1	17	1	11	10.3125	7.7634
14	2	1	17	1	12	10.65685	8.0751
14	2	1	17	1	13	11.0083	8.3763
14	2	1	17	1	14	11.42505	8.6927
14	2	1	17	1	15	11.8361	9.27775
14	2	1	17	1	16	12.28805	9.57795
14	2	1	17	1	17	12.5903	10.0912
14	2	1	17	1	18	13.01125	10.4888
14	2	1	17	1	19	13.31165	11.61645
14	2	1	17	1	20	13.76825	13.06705
14	2	1	17	1	21	14.10185	13.4716
14	2	1	17	1	22	14.46315	14.0244
14	2	1	17	1	23	14.9389	15.1311
14	2	1	17	1	24	15.6359	15.79375
14	2	1	17	1	25	16.28425	16.7861
14	2	1	17	1	26	16.68145	18.25555
14	2	1	17	1	27	17.24855	18.58115
14	2	1	17	1	28	17.7244	19.89435
14	2	1	17	1	29	18.21405	21.1126
14	2	1	17	1	30	18.6072	22.19275
14	2	1	17	1	31	18.9223	22.51985
14	2	1	17	1	32	19.3473	23.03665
14	2	1	17	1	33	19.9164	23.8416
14	2	1	17	1	34	20.36665	24.6463
14	2	1	17	1	35	20.94405	25.42775
14	2	1	17	1	36	22.04325	26.31665
14	2	1	17	1	37	22.34695	27.0608
14	2	1	17	1	38	22.82065	27.7293
14	2	1	17	1	39	23.1283	29.18445
14	2	1	17	1	40	23.481	30.1194
14	2	1	17	1	41	23.7992	31.30275
14	2	1	17	1	42	24.5007	32.24155
14	2	1	17	1	43	24.95335	32.8944
14	2	1	17	1	44	25.8349	34.2473
14	2	1	21	1	1	9.50985	9.66215
14	2	1	21	1	2	10.03265	10.18465
14	2	1	21	1	3	10.3588	10.5229
14	2	1	21	1	4	10.7886	11.60955
14	2	1	21	1	5	11.0952	12.0611
14	2	1	21	1	6	11.47135	13.0271
14	2	1	21	1	7	11.88245	13.49365
14	2	1	21	1	8	12.35665	13.9697
14	2	1	21	1	9	12.68785	15.1454
14	2	1	21	1	10	13.0062	15.605
14	2	1	21	1	11	13.3435	16.05035
14	2	1	21	1	12	13.81455	16.8868
14	2	1	21	1	13	14.1832	18.4053
14	2	1	21	1	14	14.50145	18.80785
14	2	1	21	1	15	14.9852	19.9835
14	2	1	21	1	16	15.3755	21.15075
14	2	1	21	1	17	15.68225	22.24935
14	2	1	21	1	18	16.1707	22.56425
14	2	1	21	1	19	16.7278	23.06865
14	2	1	21	1	20	17.277	23.99005
14	2	1	21	1	21	17.58705	24.75005
14	2	1	21	1	22	17.91705	25.30175
14	2	1	21	1	23	18.26035	26.3765
14	2	1	21	1	24	18.65355	27.1279
14	2	1	21	1	25	19.05425	27.78005
14	2	1	21	1	26	19.3926	28.60175
14	2	1	21	1	27	19.9627	30.6714
14	2	1	21	1	28	20.36085	30.97155
14	2	2	8	1	1	13.35395	13.35815
14	2	2	8	1	2	13.85395	13.7953
14	2	2	8	1	3	14.35395	14.29245
14	2	2	8	1	4	14.8549	14.80005
14	2	2	8	1	5	15.35395	15.31335
14	2	2	8	1	6	15.8549	15.78265
14	2	2	8	1	7	16.35395	16.29875
14	2	2	8	2	1	17.35395	17.3413
14	2	2	8	2	2	17.8549	17.7978
14	2	2	8	2	3	18.3549	18.27695
14	2	2	8	2	4	18.85495	18.75295
14	2	2	8	2	5	19.35495	19.21595
14	2	2	8	2	6	19.85495	19.69475
14	2	2	8	2	7	20.3549	20.22805
14	2	2	8	3	1	21.35495	21.29165
14	2	2	8	3	2	21.85495	21.78555
14	2	2	8	3	3	22.3549	22.2867
14	2	2	8	3	4	22.8549	22.78075
14	2	2	8	3	5	23.35495	23.3146
14	2	2	8	3	6	23.8549	23.79945
14	2	2	8	3	7	24.35495	24.26125
14	2	2	8	4	1	25.35495	25.3076
14	2	2	8	4	2	25.85495	25.7926
14	2	2	8	4	3	26.21835	26.24045
14	2	2	9	1	1	8.75825	8.71575
14	2	2	9	1	2	9.2592	9.17775
14	2	2	9	1	3	9.7592	9.65815
14	2	2	9	1	4	10.2592	10.14005
14	2	2	9	1	5	10.75825	10.6759
14	2	2	9	1	6	11.25825	11.14955
14	2	2	9	1	7	11.75825	11.62545
14	2	2	9	2	1	12.75825	12.70385
14	2	2	9	2	2	13.25825	13.1809
14	2	2	9	2	3	13.75825	13.64105
14	2	2	9	2	4	14.25825	14.1
14	2	2	9	2	5	14.75825	14.6235
14	2	2	9	2	6	15.25825	15.11355
14	2	2	9	2	7	15.75825	15.60705
14	2	2	9	3	1	16.7592	16.70965
14	2	2	9	3	2	17.2583	17.1993
14	2	2	9	3	3	17.75825	17.66025
14	2	2	9	3	4	18.25825	18.17695
14	2	2	9	3	5	18.75825	18.67005
14	2	2	9	3	6	19.25825	19.19815
14	2	2	9	3	7	19.7592	19.71585
14	2	2	9	4	1	20.75925	20.67985
14	2	2	9	4	2	21.2592	21.12485
14	2	2	9	4	3	21.7592	21.60245
14	2	2	9	4	4	22.25925	22.08575
14	2	2	9	4	5	22.7592	22.58405
14	2	2	9	4	6	23.2592	23.0752
14	2	2	9	4	7	23.75925	23.59515
14	2	2	9	5	1	24.75925	24.66515
14	2	2	9	5	2	25.2592	25.1403
14	2	2	9	5	3	25.7592	25.6237
14	2	2	9	5	4	26.25925	26.14615
14	2	2	9	5	5	26.75925	26.6348
14	2	2	9	5	6	27.25925	27.1758
14	2	2	9	5	7	27.7592	27.6492
14	2	2	9	6	1	28.75925	28.67235
14	2	2	9	6	2	29.25925	29.1558
14	2	2	9	6	3	29.75925	29.64805
14	2	2	9	6	4	30.25925	30.0632
14	2	2	9	6	5	30.6115	30.56595
22	1	1	22	1	1	3.75565	4.11615
22	1	1	22	1	2	4.39865	4.4162
22	1	1	22	1	3	4.86735	4.8502
22	1	1	22	1	4	5.75565	5.1512
22	1	1	22	1	5	6.3093	5.7036
22	1	1	22	1	6	6.9478	6.07205
22	1	1	22	1	7	7.9308	6.4707
22	1	1	22	1	8	8.45355	6.91945
22	1	1	22	1	9	8.7797	7.4653
22	1	1	22	1	10	9.8923	7.83245
22	1	1	22	1	11	10.30335	8.30825
22	1	1	22	1	12	11.7644	8.71485
22	1	1	22	1	13	12.2355	9.32245
22	1	1	22	1	14	13.4061	10.0271
22	1	1	22	1	15	14.10315	10.51035
22	1	1	22	1	16	15.1487	11.68165
22	1	1	22	1	17	16.68125	11.98245
22	1	1	22	1	18	17.07445	12.3889
22	1	1	22	1	19	18.3836	12.9584
22	1	1	22	1	20	19.4113	13.75765
22	1	1	22	1	21	20.51045	14.53875
22	1	1	22	1	22	21.2879	15.29915
22	1	1	22	1	23	22.2664	16.8372
22	1	1	22	1	24	22.9679	17.24605
22	1	1	22	1	25	24.6211	18.5561
22	1	1	22	1	26	25.38515	19.5896
22	1	1	22	1	27	26.0375	20.72445
22	1	1	22	1	28	27.47625	21.02445
22	1	1	22	1	29	28.92835	21.47785
22	1	1	22	1	30	29.7505	22.4328
22	1	1	22	1	31	30.5503	22.8735
22	1	1	22	1	32	31.68075	23.45015
22	1	1	26	1	1	3.54005	3.90425
22	1	1	26	1	2	4.18305	4.35365
22	1	1	26	1	3	4.65175	4.83395
22	1	1	26	1	4	5.24115	5.384
22	1	1	26	1	5	5.54185	5.73895
22	1	1	26	1	6	6.0937	6.2529
22	1	1	26	1	7	6.7322	6.74855
22	1	1	26	1	8	7.7152	7.5636
22	1	1	26	1	9	8.23795	7.86375
22	1	1	26	1	10	8.56415	8.67735
22	1	1	26	1	11	9.6767	9.4496
22	1	1	26	1	12	10.08775	9.7606
22	1	1	26	1	13	11.2629	10.29785
22	1	1	26	1	14	11.56335	11.4226
22	1	1	26	1	15	12.0199	11.7898
22	1	1	26	1	16	13.19055	12.2357
22	1	1	26	1	17	13.88755	13.3576
22	1	1	26	1	18	14.9331	14.05145
22	1	1	26	1	19	16.46565	15.1087
22	1	1	26	1	20	16.85885	16.6363
22	1	1	26	1	21	18.168	17.08345
22	1	1	26	1	22	19.1957	18.371
22	1	1	26	1	23	20.57635	19.3787
22	1	1	26	1	24	21.0723	20.46315
22	1	1	26	1	25	22.05085	20.7955
22	1	1	26	1	26	22.75235	21.28185
22	1	1	26	1	27	24.40555	22.21145
22	1	1	26	1	28	25.16955	22.9224
22	1	1	26	1	29	25.82195	24.5631
22	1	1	26	1	30	27.26065	25.36405
22	1	1	26	1	31	28.7128	26.0356
22	1	1	26	1	32	29.53495	27.4905
22	1	1	26	1	33	30.33475	28.87715
22	1	1	26	1	34	31.46515	29.7509
22	1	2	11	1	1	11.91065	11.98925
22	1	2	11	1	2	12.41065	12.4139
22	1	2	11	1	3	12.91065	12.8881
22	1	2	11	1	4	13.41065	13.38025
22	1	2	11	1	5	13.91065	13.91475
22	1	2	11	1	6	14.41065	14.4363
22	1	2	11	1	7	14.91065	14.88725
22	1	2	11	1	8	15.4107	15.3256
22	1	2	11	2	1	15.91065	16.29505
22	1	2	11	2	2	16.41065	16.84035
22	1	2	11	2	3	16.91065	17.39975
22	1	2	11	2	4	17.41065	17.88105
22	1	2	11	2	5	17.91065	18.3267
22	1	2	11	2	6	18.41065	18.87105
22	1	2	11	2	7	18.91065	19.38065
22	1	2	11	3	1	19.91065	20.01935
22	1	2	11	3	2	20.41065	20.4216
22	1	2	11	3	3	20.91065	20.83665
22	1	2	11	3	4	21.41065	21.35075
22	1	2	11	3	5	21.91065	21.79725
22	1	2	11	3	6	22.4107	22.29075
22	1	2	11	3	7	22.9107	22.82655
22	1	2	11	3	8	23.4107	23.3316
22	1	2	11	4	1	23.90975	23.99555
22	1	2	11	4	2	24.40975	24.3773
22	1	2	11	4	3	24.90975	24.8361
22	1	2	11	4	4	25.40975	25.32555
22	1	2	11	4	5	25.90975	25.83645
22	1	2	11	4	6	26.40975	26.3229
22	1	2	11	4	7	26.90975	26.907
22	1	2	11	5	1	27.90975	27.8735
22	1	2	11	5	2	28.40975	28.30515
22	1	2	11	5	3	28.90975	28.8174
22	1	2	11	5	4	29.40975	29.33665
22	1	2	11	5	5	29.90975	29.8073
22	1	2	11	5	6	30.40975	30.2896
22	1	2	11	5	7	30.90975	30.88975
22	1	2	11	5	8	31.41125	31.3516
22	1	2	11	5	9	31.90975	31.9584
22	1	2	11	5	10	32.40975	32.38125
22	1	2	12	1	1	11.9143	12.0316
22	1	2	12	1	2	12.4143	12.34715
22	1	2	12	1	3	12.9143	12.85265
22	1	2	12	1	4	13.4143	13.36595
22	1	2	12	1	5	13.9143	13.8696
22	1	2	12	1	6	14.4143	14.353
22	1	2	12	1	7	14.9143	14.8846
22	1	2	12	1	8	15.41435	15.3703
22	1	2	12	2	1	15.9143	15.93465
22	1	2	12	2	2	16.4143	16.3649
22	1	2	12	2	3	16.9143	16.8543
22	1	2	12	2	4	17.4143	17.34525
22	1	2	12	2	5	17.9143	17.819
22	1	2	12	2	6	18.4143	18.3501
22	1	2	12	2	7	18.9143	18.8471
22	1	2	12	2	8	19.41435	19.34055
22	1	2	12	3	1	19.9143	19.97955
22	1	2	12	3	2	20.4143	20.3615
22	1	2	12	3	3	20.9143	20.8982
22	1	2	12	3	4	21.4143	21.34615
22	1	2	12	3	5	21.9143	21.88765
22	1	2	12	3	6	22.4143	22.38555
22	1	2	12	3	7	22.9143	22.8523
22	1	2	12	3	8	23.41435	23.3215
22	1	2	12	4	1	23.9143	23.97305
22	1	2	12	4	2	24.4143	24.34235
22	1	2	12	4	3	24.91435	24.90115
22	1	2	12	4	4	25.41435	25.3603
22	1	2	12	4	5	25.9143	25.86305
22	1	2	12	4	6	26.41435	26.3137
22	1	2	12	4	7	26.9134	26.89455
22	1	2	12	4	8	27.41435	27.40215
22	1	2	12	5	1	27.9134	27.92075
22	1	2	12	5	2	28.4134	28.34395
32	2	1	19	1	1	4.4691	4.20485
32	2	1	19	1	2	5.0227	4.72415
32	2	1	19	1	3	5.66125	5.215
32	2	1	19	1	4	6.6442	5.8498
32	2	1	19	1	5	7.167	6.441
32	2	1	19	1	6	7.49315	7.37145
32	2	1	19	1	7	8.6057	7.9764
32	2	1	19	1	8	9.0168	8.81565
32	2	1	19	1	9	10.47785	9.33905
32	2	1	19	1	10	10.94895	10.37975
32	2	1	19	1	11	12.11955	10.85005
32	2	1	19	1	12	12.8166	11.4725
32	2	1	19	1	13	13.86215	12.3554
32	2	1	19	1	14	15.3947	13.0149
32	2	1	19	1	15	15.7879	14.06045
32	2	1	19	1	16	17.09705	15.59745
32	2	1	19	1	17	18.12475	16.05045
32	2	1	19	1	18	19.2239	17.29785
32	2	1	19	1	19	20.00135	18.33035
32	2	1	19	1	20	20.9799	19.43755
32	2	1	19	1	21	21.6814	19.73925
32	2	1	19	1	22	23.3346	20.3383
32	2	1	19	1	23	24.0986	21.1633
32	2	1	19	1	24	24.75095	21.8905
32	2	1	19	1	25	26.1897	23.5418
32	2	1	19	1	26	27.64185	24.3268
32	2	1	19	1	27	28.464	25.0224
32	2	1	19	1	28	29.2638	26.3945
32	2	1	19	1	29	30.3942	27.84015
32	2	1	20	1	1	2.9438	3.2611
32	2	1	20	1	2	3.5868	3.81495
32	2	1	20	1	3	4.0555	4.34535
32	2	1	20	1	4	4.9438	4.85145
32	2	1	20	1	5	5.4974	5.36735
32	2	1	20	1	6	6.13595	5.98125
32	2	1	20	1	7	7.1189	6.90135
32	2	1	20	1	8	7.6417	7.84945
32	2	1	20	1	9	7.96785	8.24185
32	2	1	20	1	10	9.0804	9.27705
32	2	1	20	1	11	9.4915	9.74265
32	2	1	20	1	12	10.95255	10.86575
32	2	1	20	1	13	11.42365	11.4691
32	2	1	20	1	14	12.59425	12.03425
32	2	1	20	1	15	13.2913	12.81455
32	2	1	20	1	16	14.33685	13.50735
32	2	1	20	1	17	15.8694	14.51215
32	2	1	20	1	18	16.2626	16.08745
32	2	1	20	1	19	17.57175	16.51155
32	2	1	20	1	20	18.59945	17.7728
32	2	1	20	1	21	19.9801	18.7957
32	2	1	20	1	22	20.47605	19.9172
32	2	1	20	1	23	21.4546	20.21745
32	2	1	20	1	24	22.1561	20.86545
32	2	1	20	1	25	23.8093	21.64775
32	2	1	20	1	26	24.5733	22.35465
32	2	1	20	1	27	25.2257	23.10015
32	2	1	20	1	28	26.6644	24.5452
32	2	1	20	1	29	28.11655	25.433
32	2	1	20	1	30	28.9387	26.8891
32	2	1	20	1	31	29.7385	28.36595
32	2	1	20	1	32	30.8689	29.1602
32	2	2	8	1	1	10.6704	10.6795
32	2	2	8	1	2	11.1704	11.18345
32	2	2	8	1	3	11.6704	11.68785
32	2	2	8	1	4	12.1704	12.1466
32	2	2	8	1	5	12.6704	12.65255
32	2	2	8	1	6	13.1704	13.1487
32	2	2	8	1	7	13.6704	13.6532
32	2	2	8	2	1	14.6704	14.6918
32	2	2	8	2	2	15.1704	15.20695
32	2	2	8	2	3	15.6704	15.632
32	2	2	8	2	4	16.1704	16.1827
32	2	2	8	2	5	16.6704	16.6422
32	2	2	8	2	6	17.1704	17.1177
32	2	2	8	2	7	17.6704	17.67265
32	2	2	8	3	1	18.6704	18.64105
32	2	2	8	3	2	19.1704	19.1651
32	2	2	8	3	3	19.6704	19.67125
32	2	2	8	3	4	20.1704	20.11545
32	2	2	8	3	5	20.6704	20.6133
32	2	2	8	3	6	21.1704	21.09775
32	2	2	8	3	7	21.6704	21.584
32	2	2	8	4	1	22.6704	22.6951
32	2	2	8	4	2	23.1704	23.1043
32	2	2	8	4	3	23.6704	23.60785
32	2	2	8	4	4	24.1704	24.09435
32	2	2	8	4	5	24.6704	24.64125
32	2	2	8	4	6	25.1704	25.07575
32	2	2	8	4	7	25.67135	25.589
32	2	2	8	5	1	26.67135	26.6354
32	2	2	8	5	2	27.17135	27.06305
32	2	2	8	5	3	27.67135	27.5937
32	2	2	8	5	4	28.17135	28.0124
32	2	2	8	5	5	28.67135	28.5541
32	2	2	8	5	6	29.17135	29.04105
32	2	2	8	5	7	29.67135	29.58355
32	2	2	8	5	8	30.1714	30.57475
32	2	2	8	5	9	30.67135	31.169
32	2	2	12	1	1	10.65165	10.70655
32	2	2	12	1	2	11.15165	11.1512
32	2	2	12	1	3	11.65165	11.6956
32	2	2	12	1	4	12.15165	12.11745
32	2	2	12	1	5	12.65165	12.6768
32	2	2	12	1	6	13.15165	13.1272
32	2	2	12	1	7	13.65165	13.60135
32	2	2	12	2	1	14.65165	14.7047
32	2	2	12	2	2	15.15165	15.1148
32	2	2	12	2	3	15.65165	15.64985
32	2	2	12	2	4	16.15165	16.12025
32	2	2	12	2	5	16.65165	16.6165
32	2	2	12	2	6	17.15165	17.12175
32	2	2	12	2	7	17.65165	17.6036
32	2	2	12	2	8	18.15265	18.08825
32	2	2	12	3	1	18.65165	18.83325
32	2	2	12	3	2	19.15165	19.2328
32	2	2	12	3	3	19.65165	19.7178
32	2	2	12	3	4	20.15165	20.1424
32	2	2	12	3	5	20.65165	20.5657
32	2	2	12	3	6	21.1526	21.0563
32	2	2	12	3	7	21.6526	21.59625
32	2	2	12	3	8	22.15265	22.07425
32	2	2	12	4	1	22.6526	22.67265
32	2	2	12	4	2	23.1526	23.1111
32	2	2	12	4	3	23.6526	23.56645
32	2	2	12	4	4	24.1526	24.10575
32	2	2	12	4	5	24.6526	24.641
32	2	2	12	4	6	25.1526	25.07735
32	2	2	12	4	7	25.6526	25.5714
32	2	2	12	4	8	26.15265	26.26225
32	2	2	12	5	1	26.6526	26.7002
32	2	2	12	5	2	27.1526	27.1428
32	2	2	12	5	3	27.6526	27.6249
32	2	2	12	5	4	28.15265	28.10085
32	2	2	12	5	5	28.6517	28.62435
32	2	2	12	5	6	29.1517	29.11295
32	2	2	12	5	7	29.6517	29.59945
32	2	2	12	5	8	30.15265	30.59025
32	2	2	12	5	9	30.6517	31.1081
